00 00 70 41 01 00 00 00 18 09 1A 00 2F 00 00 00
56 00 00 00 00 00 C0 40 00 00 80 3F 00 00 00 40
00 00 00 00 00 00 20 41 00 00 70 41 00 00 00 00
10 09 1A 00 30 00 00 00 55 00 00 00 00 00 20 41
00 00 80 3F 00 00 00 40 50 B8 02 00 00 00 20 41
00 00 70 41 00 00 00 00 3C 0A 1A 00 0F 00 00 00
59 00 00 00 00 00 00 41 00 00 80 3F 00 00 80 3F
00 00 00 00 00 00 20 41 00 00 70 41 01 00 00 00
04 09 1A 00 52 00 00 00 57 00 00 00 00 00 C0 40
00 00 80 3F 00 00 00 40 00 00 00 00 00 00 20 41
00 00 70 41 01 00 00 00 FC 08 1A 00 53 00 00 00
FF FF FF FF 00 00 40 40 00 00 80 3F 00 00 80 3F
60 B8 02 00 00 00 20 41 00 00 70 41 01 00 00 00
DB 0F 49 40 DB 0F C9 40 F3 04 35 3F 00 00 00 00
18 2D 44 54 FB 21 09 40 89 88 08 3D 00 00 80 40
00 00 A0 41 00 00 C0 3F 00 00 20 41 00 00 0C 42
00 00 20 41 20 0B 1A 00 E8 0A 1A 00 B4 0A 1A 00
78 0A 1A 00 DB 0F 49 40 F3 04 35 3F 00 00 00 00
18 2D 44 54 FB 21 09 40 89 88 08 3D 00 00 70 41
F4 0B 1A 00 DB 0F 49 40 F3 04 35 3F 00 00 00 00
18 2D 44 54 FB 21 09 40 89 88 08 3D 00 0D 1A 00
D0 0C 1A 00 A0 0C 1A 00 70 0C 1A 00 00 00 00 00
44 0A 1A 00 2C 00 00 00 00 00 C0 3F 00 00 80 3F
00 00 00 00 01 00 00 00 3C 0A 1A 00 2E 00 00 00
00 00 A0 40 00 00 80 3F 00 00 00 00 01 00 00 00
44 0A 1A 00 2D 00 00 00 00 00 60 40 00 00 80 3F
40 73 02 00 01 00 00 00 DB 0F 49 40 F3 04 35 3F
18 2D 44 54 FB 21 09 40 89 88 08 3D 18 0E 1A 00
66 66 E6 3F DB 0F 49 40 18 2D 44 54 FB 21 09 40
DB 0F 49 40 00 00 00 00 18 2D 44 54 FB 21 09 40
00 00 70 41 00 00 00 40 00 00 80 3F 00 00 00 40
00 00 80 3F 00 00 F0 41 44 00 00 00 94 00 00 00
