18 2D 44 54 FB 21 09 40 DB 0F 49 40 00 00 00 00
18 2D 44 54 FB 21 09 40 01 00 00 00 DB 0F 49 40
18 2D 44 54 FB 21 09 40 DB 0F 49 40 00 00 00 00
18 2D 44 54 FB 21 09 40 44 E5 19 00 00 40 00 00
3C E5 19 00 00 40 00 00 30 E5 19 00 00 40 00 00
24 E5 19 00 00 40 00 00 10 E5 19 00 00 40 00 00
FC E4 19 00 00 40 00 00 E8 E4 19 00 00 40 00 00
D4 E4 19 00 00 40 00 00 BC E4 19 00 00 40 00 00
A8 E4 19 00 00 40 00 00 94 E4 19 00 00 40 00 00
80 E4 19 00 00 40 00 00 80 E4 19 00 00 40 00 00
6C E4 19 00 00 80 00 00 58 E4 19 00 00 40 00 00
44 E4 19 00 00 80 00 00 30 E4 19 00 00 40 00 00
1C E4 19 00 00 40 00 00 08 E4 19 00 00 40 00 00
F4 E3 19 00 00 40 00 00 E0 E3 19 00 00 40 00 00
D0 E3 19 00 00 40 00 00 BC E3 19 00 00 40 00 00
AC E3 19 00 00 40 00 00 90 E3 19 00 00 40 00 00
7C E3 19 00 00 40 00 00 68 E3 19 00 00 40 00 00
54 E3 19 00 00 40 00 00 40 E3 19 00 00 40 00 00
00 00 00 00 00 00 00 00 DB 0F 49 40 00 00 00 00
18 2D 44 54 FB 21 09 40 DB 0F 49 40 00 00 00 00
18 2D 44 54 FB 21 09 40 DB 0F 49 40 00 00 00 00
18 2D 44 54 FB 21 09 40 DB 0F 49 40 00 00 00 00
18 2D 44 54 FB 21 09 40 89 88 08 3D DB 0F 49 40
18 2D 44 54 FB 21 09 40 07 00 00 00 DB 0F 49 40
F3 04 35 3F 00 00 00 00 18 2D 44 54 FB 21 09 40
89 88 08 3D AE 47 E1 3D 00 00 16 44 00 00 00 00
74 F0 19 00 04 00 00 00 03 00 00 00 68 F0 19 00
04 00 00 00 03 00 00 00 5C F0 19 00 02 00 00 00
03 00 00 00 50 F0 19 00 02 00 00 00 03 00 00 00
40 F0 19 00 02 00 00 00 03 00 00 00 30 F0 19 00
02 00 00 00 03 00 00 00 20 F0 19 00 02 00 00 00
03 00 00 00 10 F0 19 00 03 00 00 00 03 00 00 00
