18 2D 44 54 FB 21 09 40 89 88 08 3D 81 04 35 3F
6F 81 84 3E 9A 99 19 3F 00 00 80 3F 00 00 80 3E
00 00 80 3E DB 0F 49 40 F3 04 35 3F 00 00 00 00
18 2D 44 54 FB 21 09 40 DB 0F 49 40 00 00 00 00
18 2D 44 54 FB 21 09 40 DB 0F 49 40 F3 04 35 3F
18 2D 44 54 FB 21 09 40 DB 0F 49 40 F3 04 35 3F
18 2D 44 54 FB 21 09 40 89 88 08 3D DB 0F 49 40
F3 04 35 3F 00 00 00 00 18 2D 44 54 FB 21 09 40
89 88 08 3D CD CC 1C 41 AB AA 2A 3E DB 0F 49 40
18 2D 44 54 FB 21 09 40 DC 07 1A 00 DB 0F 49 40
F3 04 35 3F 00 00 00 00 18 2D 44 54 FB 21 09 40
81 04 35 3F 6F 81 84 3E 9A 99 19 3F 89 88 08 3D
CD CC 1C 41 DB 0F 49 40 DB 0F C9 40 F3 04 35 3F
18 2D 44 54 FB 21 09 40 89 88 08 3D 94 08 1A 00
00 00 60 40 00 00 00 41 00 00 D8 41 00 00 40 41
AB AA AA 3E DB 0F 49 40 F3 04 35 3F 00 00 00 00
18 2D 44 54 FB 21 09 40 89 88 08 3D FC 09 1A 00
CC 09 1A 00 9C 09 1A 00 6C 09 1A 00 00 00 C0 3F
00 00 20 41 00 00 0C 42 00 00 A0 41 00 00 40 40
00 00 80 3F 00 00 A0 3F 00 00 C0 3F 40 09 1A 00
38 09 1A 00 2C 00 00 00 FF FF FF FF 00 00 00 40
00 00 80 3F 00 00 80 3F 00 00 00 00 00 00 40 40
00 00 20 41 01 00 00 00 44 0A 1A 00 2D 00 00 00
FF FF FF FF 00 00 00 40 00 00 80 3F 00 00 80 3F
00 00 00 00 00 00 40 40 00 00 20 41 01 00 00 00
30 09 1A 00 54 00 00 00 FF FF FF FF 00 00 00 40
00 00 80 3F 00 00 80 3F 00 00 00 00 00 00 20 41
00 00 70 41 01 00 00 00 28 09 1A 00 31 00 00 00
FF FF FF FF 00 00 00 40 00 00 80 3F 00 00 80 3F
00 00 00 00 00 00 20 41 00 00 70 41 01 00 00 00
20 09 1A 00 2E 00 00 00 58 00 00 00 00 00 40 40
00 00 80 3F 00 00 00 40 00 00 00 00 00 00 20 41
