F8 EF 19 00 04 00 00 00 02 00 00 00 DC EF 19 00
04 00 00 00 02 00 00 00 BC EF 19 00 04 00 00 00
02 00 00 00 A0 EF 19 00 04 00 00 00 02 00 00 00
84 EF 19 00 04 00 00 00 02 00 00 00 6C EF 19 00
04 00 00 00 02 00 00 00 54 EF 19 00 04 00 00 00
02 00 00 00 3C EF 19 00 04 00 00 00 02 00 00 00
20 EF 19 00 04 00 00 00 02 00 00 00 0C EF 19 00
03 00 00 00 03 00 00 00 FC EE 19 00 03 00 00 00
03 00 00 00 EC EE 19 00 02 00 00 00 03 00 00 00
DB 0F 49 40 00 00 00 00 18 2D 44 54 FB 21 09 40
DB 0F 49 40 00 00 00 00 18 2D 44 54 FB 21 09 40
DB 0F 49 40 F3 04 35 3F 18 2D 44 54 FB 21 09 40
DB 0F 49 40 00 00 00 00 18 2D 44 54 FB 21 09 40
DB 0F 49 40 F3 04 35 3F 18 2D 44 54 FB 21 09 40
89 88 08 3D DB 0F 49 40 18 2D 44 54 FB 21 09 40
DB 0F 49 40 00 00 00 00 18 2D 44 54 FB 21 09 40
89 88 08 3D DB 0F 49 40 F3 04 35 3F 00 00 00 00
18 2D 44 54 FB 21 09 40 81 04 35 3F 6F 81 84 3E
9A 99 19 3F DB 0F 49 40 F3 04 35 3F 00 00 00 00
18 2D 44 54 FB 21 09 40 89 88 08 3D DB 0F 49 40
F3 04 35 3F 00 00 00 00 18 2D 44 54 FB 21 09 40
89 88 08 3D 00 00 00 3F 00 00 40 40 DB 0F 49 40
18 2D 44 54 FB 21 09 40 DB 0F 49 40 00 00 00 00
18 2D 44 54 FB 21 09 40 DB 0F 49 40 00 00 00 00
18 2D 44 54 FB 21 09 40 DB 0F 49 40 00 00 00 00
18 2D 44 54 FB 21 09 40 DB 0F 49 40 F3 04 35 3F
18 2D 44 54 FB 21 09 40 89 88 08 3D AB AA 2A 3E
00 00 00 40 DB 0F 49 40 18 2D 44 54 FB 21 09 40
DB 0F 49 40 00 00 00 00 18 2D 44 54 FB 21 09 40
DB 0F 49 40 F3 04 35 3F 18 2D 44 54 FB 21 09 40
89 88 08 3D 00 00 40 40 00 00 C0 40 00 00 40 40
00 00 00 40 DB 0F 49 40 F3 04 35 3F 00 00 00 00
